[0.7878520154610712,
 0.7878520154610712,
 0.7878520154610712,
 0.7878520154610712,
 0.7878520154610712,
 0.7878520154610712,
 0.7878520154610712,
 0.7878520154610712,
 0.7878520154610712,
 0.7878520154610712,
 0.7878520154610712,
 0.7878520154610712,
 0.7878520154610712,
 0.78767803908579,
 0.78767803908579,
 0.78767803908579,
 0.78767803908579,
 0.78767803908579,
 0.78767803908579,
 0.78767803908579,
 0.78767803908579,
 0.78767803908579,
 0.78767803908579,
 0.7878118790019871,
 0.7878118790019871,
 0.7878988627580877,
 0.7878118790019871,
 0.7878118790019871,
 0.7877249144497185,
 0.7877249144497185,
 0.7878186031115524,
 0.7880392805914157,
 0.7880860452289025,
 0.788092613009923,
 0.7885336273428887,
 0.788841107068034,
 0.7886609309508053,
 0.7885273028130171,
 0.7887075430083812,
 0.7888815354070151,
 0.7887883469432796,
 0.7887883469432796,
 0.7879656160458454,
 0.7880991735537191,
 0.7885336273428886,
 0.7887075430083811,
 0.7901425571886396,
 0.7899215382915239,
 0.7902244830255446,
 0.7903992921137042,
 0.7905741785595752,
 0.7901973830117542,
 0.7903207903207903,
 0.790268829149078,
 0.7911111111111111,
 0.7915092242720604,
 0.7912772585669781,
 0.7915831663326653,
 0.7920703864572892,
 0.7917548746518105,
 0.7919732441471573,
 0.7924528301886793,
 0.792537146687521,
 0.7928491620111733,
 0.7927524885359579,
 0.7931073067024729,
 0.7923937360178971,
 0.7921568627450981,
 0.7920547637751094,
 0.7901179112857946,
 0.7898289828982898,
 0.7909490037149612,
 0.7911642060182577,
 0.7922312556458898,
 0.7896704043493035,
 0.7896653767357159,
 0.7905963302752295,
 0.7883481678418681,
 0.7913165266106442,
 0.7917992223400494,
 0.7920887602508441,
 0.7925419515226849,
 0.793885218292525,
 0.7945017182130585,
 0.7959517785384729,
 0.7973154362416107,
 0.8002318392581144,
 0.8044923217969286,
 0.8028449502133713,
 0.8001624695369617,
 0.8011799410029499,
 0.7967836257309941,
 0.8095238095238095,
 0.8086185044359949,
 0.8210180623973727,
 0.8478260869565218,
 0.8459214501510575,
 0.8764940239043825,
 0.8768472906403941,
 0.8874172185430464,
 0.9268292682926829]